[C1S1Frustum]
Texture=common/cutscenes/C1S1Background.png
TextureCorner=(0.0, 0.0, 0)
Leaves3Pos=(-268.4733, 300.26477, -0.2)
Leaves2Pos=(461.80092, -338.63148, -0.2)
TextureSize=(1024.0, 837.0, 0)
Pivot=(417.0, 418.269, 0)
DealerPos=(308.56746, 182.13416, -0.001)
Leaves1Pos=(-284.29738, -330.57284, -0.2)
