[C1S3Frustum]
Texture=common/cutscenes/C1S3Bgr.png
FirstBirdPos=(118.42042, 255.63718, -0.002)
TextureCorner=(0.0, 0.0, 0)
TextureSize=(1024.0, 1024.0, 0)
DealerPos=(-168.73128, 293.64894, -0.001)
OtherBirdsPos=(285.35405, 181.03872, -0.001)
Pivot = center
