[C1S5Frustum]
Texture=common/cutscenes/C1S5Bgr.png
TextureCorner=(0.0, 0.0, 0)
ArmPos=(10.54181, 377.01463, -0.003)
BeakPos=(14.96833, 68.63539, -0.002)
EyeDropsPos=(17.91932, 192.57729, -0.001)
TextureSize=(1024.0, 1024.0, 0)
EyePos=(13.49281, -77.43898, -0.002)
Pivot = center
